[The white balcao2.jpg]
filters=finetune2=1,0.315789,0.089825,0.078596,00000000,0.000000;
moddate=2594e33ba340d601
width=4032
height=3024
textactive=0
[The white balcao.jpg]
filters=finetune2=1,0.222222,0.112281,0.098246,00000000,0.000000;finetune2=1,0.426901,0.182456,0.188070,00000000,0.000000;crop64=1,fffff332;
moddate=77b9b34ca640d601
width=960
height=640
textactive=0
crop=rect64(fffff332)
[greece_2-wallpaper-1920x1080.jpg]
filters=crop64=1,79fffffac8;
crop=rect64(79fffffac8)
moddate=911c4f9b8744d601
width=1920
height=1080
textactive=0
